0 Prey(5,5) Predator(0,0)
Round 1:
9.440079730666483
6.516184502703066
4.726112207486824
3.0988052504776347
2.242235497888562
1.6336935115315043
1.1771570247845247
0.848594489125814
0.09641935920207745
0.07226232598985538
0.05426542984809002
0.04333384107025129
0.03467767487017692
0.027750236117938032
0.02221018490299964
0.01778148651794842
0.01424184218222968
0.01141274283382021
0.009151175000162937
0.00734274812671476
0.005896078563235818
0.004827302147215384
0.00409380526566816
0.003467246631523202
0.0029332828182093706
0.0024791494105042
0.0020935883828778756
0.0017667431433492364
0.0014900368083085036
0.0012560444264636539
0.0010583662944205763
8.915069185153612E-4
7.507623265254892E-4
6.32117135877519E-4
5.321518955974103E-4
4.4796062865004593E-4
3.770781256919875E-4
3.174163188269796E-4
2.672089483570783E-4
2.2496369295399443E-4
1.8942093943430383E-4
1.595184047166187E-4
1.343608770174587E-4
1.1319440716361928E-4
9.53843481287242E-5
8.03967076054013E-5
6.778234213367096E-5
5.7163580562624716E-5
4.822291868011863E-5
4.0693475433672965E-5
3.4350944350225454E-5
2.9006811773424346E-5
2.4502646759461122E-5
2.0705296317591326E-5
1.7502844601891E-5
1.4801216094983971E-5
1.2521321189451484E-5
1.0596658260864089E-5
8.97129968824295E-6
7.598200633229801E-6
6.437779018542145E-6
5.456723299768207E-6
4.626991512712841E-6
3.924970895186064E-6
3.330772288423489E-6
2.827637649582826E-6
2.401442485311378E-6
2.0402779385975123E-6
1.7340997169323913E-6
1.4744331137128697E-6
1.2560470813369196E-6
1.076475711035696E-6
9.226260413233711E-7
Number of iterations: 73

0.01	0.01	0.02	0.02	0.03	0.05	0.05	0.06	0.05	0.05	0.05	
0.01	0.01	0.18	0.14	0.06	0.06	0.06	0.06	0.06	0.16	0.04	
0.03	0.03	0.22	0.11	0.08	0.06	0.47	0.13	0.13	0.18	0.02	
0.04	0.22	0.26	0.09	0.11	0.08	0.43	0.15	0.16	0.18	0.04	
0.04	0.11	0.13	0.22	0.28	8.12	0.15	0.16	0.17	0.17	0.04	
0.04	0.13	0.11	0.09	0.43	0.00	0.11	0.15	0.15	0.15	0.03	
0.04	0.04	0.07	0.98	1.23	0.98	0.17	0.09	0.14	0.03	0.03	
0.04	0.04	0.06	1.03	1.30	1.23	0.05	0.05	0.14	0.03	0.03	
0.02	0.45	0.59	0.78	0.04	0.10	0.05	0.05	0.05	0.03	0.02	
0.03	0.03	0.02	0.04	0.04	0.10	0.09	0.03	0.05	0.03	0.04	
0.01	0.01	0.03	0.03	0.03	0.03	0.05	0.06	0.05	0.04	0.04	

policy-stable: false

Round 2:
9.681334504147479
7.79983071536445
6.008958137704483
4.884439029038447
4.026061425494289
3.340283931433538
2.2937039294822914
1.8759358929154608
1.4540100832549063
1.1963454542486502
0.9033696013335135
0.5088114388752483
0.24309774059239553
0.1318268865465555
0.08493783235464503
0.06739442335768864
0.05387387346770045
0.043124591508992394
0.034510269857869647
0.027600336098315914
0.022062824916798673
0.01762964813481993
0.014083617446595698
0.011249137601342607
0.009041984348808096
0.007383551737136784
0.006022622447575454
0.004907621922823235
0.003995427150835784
0.003250118926757528
0.0026418778319650116
0.0021460205866308257
0.001742167998422417
0.0014135328475732845
0.001146314856840025
9.291897884193823E-4
7.528802685543567E-4
6.097968765543804E-4
4.937391554276083E-4
3.9964737984732324E-4
3.233970742151371E-4
2.6162936199169984E-4
2.1161122146007294E-4
1.71474079980527E-4
1.3978856946961216E-4
1.1393017601557531E-4
9.28336974403976E-5
7.562715293518707E-5
6.159708666975128E-5
5.016001750446364E-5
4.083896659889952E-5
3.324417524552814E-5
2.7057276597464153E-5
2.2018311496729837E-5
1.791508408977016E-5
1.4574440717174397E-5
1.1855128505322554E-5
9.641950455829829E-6
7.840984002749352E-6
6.375671224301271E-6
5.183623192461795E-6
4.2140090128484076E-6
3.4254233902686337E-6
2.7841455989552344E-6
2.2627185016776963E-6
1.8387891216331553E-6
1.4941629209452856E-6
1.2140325802434404E-6
9.86349274478826E-7
Number of iterations: 69

1.77	3.63	4.06	3.81	5.38	5.87	3.70	4.30	2.01	2.04	1.90	
1.85	4.06	4.58	4.06	6.05	6.63	5.81	5.06	2.04	2.22	2.04	
4.14	4.64	5.20	5.88	6.77	7.51	6.72	5.81	2.62	2.44	2.22	
4.64	5.20	5.88	6.69	7.59	8.53	7.51	6.72	2.44	2.44	2.44	
5.10	5.80	6.69	7.59	8.53	9.76	8.53	7.61	2.53	2.44	2.53	
4.51	5.10	5.80	8.69	9.76	0.00	9.76	8.70	2.72	2.53	2.61	
4.23	4.51	7.03	7.82	8.69	9.76	8.69	7.84	3.76	2.61	3.78	
3.78	3.82	4.64	4.75	4.66	4.66	4.66	4.36	3.76	3.50	3.22	
3.82	4.13	4.41	4.64	4.75	4.66	4.36	4.03	3.50	3.22	2.98	
3.49	3.82	4.13	4.41	4.19	4.49	4.19	3.73	1.87	1.91	1.70	
1.70	3.49	3.82	4.13	3.88	4.19	3.73	3.70	1.93	1.90	1.77	

policy-stable: false

Round 3:
5.8435409205931625
4.2796108673460385
3.2095896946478337
2.469672117100306
1.915408344215904
1.1125976089844394
0.8272279799317324
0.6308889038100287
0.2457847273440641
0.14810730898905478
0.08880393114041008
0.02366493000738812
0.008977330600098199
0.006463789923824237
0.004653996161452234
0.0033509242487297364
0.002412699018136344
0.0017371674107606871
0.0012507778970847205
9.00572585814885E-4
6.484212617161589E-4
4.668697884109285E-4
3.361509132719931E-4
2.4203201682571063E-4
1.7426547080834354E-4
1.2547288045539062E-4
9.034172779864846E-5
6.504694680931067E-5
4.6834451719490744E-5
3.3721273253295436E-5
2.427965371731844E-5
1.7481593300061604E-5
1.2586921866120093E-5
9.062709521057144E-6
6.525241416532879E-6
4.6982390231598E-6
3.382779045324469E-6
2.4356347152476587E-6
1.7536813321505917E-6
1.2626680825356118E-6
9.091336368172165E-7
Number of iterations: 41

3.79	4.19	4.64	5.14	5.69	6.15	5.53	5.12	4.63	4.17	3.76	
4.19	4.65	5.16	5.69	6.36	6.92	6.15	5.70	5.12	4.63	3.78	
4.65	5.16	5.73	6.36	7.07	7.75	7.07	6.32	5.70	5.14	4.19	
5.16	5.73	6.36	7.07	7.85	8.70	7.85	7.00	6.32	5.70	4.65	
5.69	6.31	7.00	7.75	8.70	9.76	8.70	7.76	7.00	6.32	5.12	
6.11	6.92	7.75	8.70	9.76	0.00	9.76	8.70	7.76	6.92	5.38	
5.73	6.36	7.07	7.85	8.70	9.76	8.70	7.85	7.07	6.36	5.15	
5.15	5.73	6.36	7.07	7.85	8.70	7.85	7.07	6.36	5.73	4.71	
4.65	5.16	5.73	6.36	7.07	7.76	6.86	6.22	5.62	5.08	4.19	
4.19	4.65	5.16	5.73	6.36	6.86	6.09	5.62	5.08	4.56	3.78	
3.78	4.22	4.67	5.16	5.14	5.53	5.06	4.63	4.29	4.10	3.69	

policy-stable: false

Round 4:
2.7641859658648045
1.0938808566315643
0.797847150505671
0.2554783519095145
0.19304419925852656
0.06085517276707364
0.02729302219310359
0.016306846489650084
0.005095208031296483
0.0018452990052906237
3.124729683099403E-4
3.895112593088612E-5
5.693638803094814E-6
9.972761407794906E-7
Number of iterations: 14

3.84	4.24	4.69	5.18	5.73	6.19	5.73	5.17	4.68	4.24	3.83	
4.24	4.66	5.17	5.74	6.37	6.92	6.37	5.74	5.17	4.66	4.20	
4.68	5.17	5.74	6.37	7.07	7.76	7.07	6.37	5.74	5.17	4.66	
5.17	5.74	6.37	7.07	7.85	8.70	7.85	7.07	6.37	5.74	5.17	
5.73	6.37	7.07	7.85	8.70	9.76	8.70	7.85	7.07	6.37	5.73	
6.19	6.92	7.76	8.70	9.76	0.00	9.76	8.70	7.76	6.92	6.19	
5.73	6.37	7.07	7.85	8.70	9.76	8.70	7.85	7.07	6.37	5.73	
5.17	5.74	6.37	7.07	7.85	8.70	7.85	7.07	6.37	5.74	5.17	
4.66	5.17	5.74	6.37	7.07	7.76	7.07	6.37	5.74	5.17	4.66	
4.20	4.66	5.17	5.74	6.37	6.92	6.37	5.74	5.17	4.66	4.20	
3.83	4.24	4.68	5.17	5.73	6.18	5.73	5.17	4.66	4.20	3.80	

policy-stable: false

Round 5:
1.0805161647152932
0.14236404058656138
0.022918067442914136
0.013026459753940678
0.009640140153532428
0.004504341711299098
9.562812806143128E-4
2.4407416711591523E-4
1.360202017108847E-5
9.853307374463327E-7
Number of iterations: 10

3.84	4.24	4.69	5.18	5.73	6.19	5.73	5.18	4.69	4.24	3.84	
4.24	4.66	5.17	5.74	6.37	6.92	6.37	5.74	5.17	4.66	4.24	
4.69	5.17	5.74	6.37	7.07	7.76	7.07	6.37	5.74	5.17	4.68	
5.18	5.74	6.37	7.07	7.85	8.70	7.85	7.07	6.37	5.74	5.17	
5.73	6.37	7.07	7.85	8.70	9.76	8.70	7.85	7.07	6.37	5.73	
6.19	6.92	7.76	8.70	9.76	0.00	9.76	8.70	7.76	6.92	6.19	
5.73	6.37	7.07	7.85	8.70	9.76	8.70	7.85	7.07	6.37	5.73	
5.18	5.74	6.37	7.07	7.85	8.70	7.85	7.07	6.37	5.74	5.18	
4.69	5.17	5.74	6.37	7.07	7.76	7.07	6.37	5.74	5.17	4.69	
4.24	4.66	5.17	5.74	6.37	6.92	6.37	5.74	5.17	4.66	4.24	
3.84	4.24	4.69	5.18	5.73	6.19	5.73	5.18	4.69	4.24	3.84	

policy-stable: false

Round 6:
0.04219504179509137
0.023193991283151583
0.00790342281460088
0.003880733003379433
7.58264608357262E-4
8.722074675659997E-5
7.906271898505679E-6
6.244839707569838E-7
Number of iterations: 8

3.84	4.24	4.69	5.18	5.73	6.19	5.73	5.18	4.69	4.24	3.84	
4.24	4.66	5.17	5.74	6.37	6.92	6.37	5.74	5.17	4.66	4.24	
4.69	5.17	5.74	6.37	7.07	7.76	7.07	6.37	5.74	5.17	4.69	
5.18	5.74	6.37	7.07	7.85	8.70	7.85	7.07	6.37	5.74	5.18	
5.73	6.37	7.07	7.85	8.70	9.76	8.70	7.85	7.07	6.37	5.73	
6.19	6.92	7.76	8.70	9.76	0.00	9.76	8.70	7.76	6.92	6.19	
5.73	6.37	7.07	7.85	8.70	9.76	8.70	7.85	7.07	6.37	5.73	
5.18	5.74	6.37	7.07	7.85	8.70	7.85	7.07	6.37	5.74	5.18	
4.69	5.17	5.74	6.37	7.07	7.76	7.07	6.37	5.74	5.17	4.69	
4.24	4.66	5.17	5.74	6.37	6.92	6.37	5.74	5.17	4.66	4.24	
3.84	4.24	4.69	5.18	5.73	6.19	5.73	5.18	4.69	4.24	3.84	

policy-stable: false

Round 7:
2.67201442075482E-4
1.9167429663724533E-4
1.7249317730616553E-5
1.5524386260956646E-6
1.4902894251989096E-7
Number of iterations: 5

3.84	4.24	4.69	5.18	5.73	6.19	5.73	5.18	4.69	4.24	3.84	
4.24	4.66	5.17	5.74	6.37	6.92	6.37	5.74	5.17	4.66	4.24	
4.69	5.17	5.74	6.37	7.07	7.76	7.07	6.37	5.74	5.17	4.69	
5.18	5.74	6.37	7.07	7.85	8.70	7.85	7.07	6.37	5.74	5.18	
5.73	6.37	7.07	7.85	8.70	9.76	8.70	7.85	7.07	6.37	5.73	
6.19	6.92	7.76	8.70	9.76	0.00	9.76	8.70	7.76	6.92	6.19	
5.73	6.37	7.07	7.85	8.70	9.76	8.70	7.85	7.07	6.37	5.73	
5.18	5.74	6.37	7.07	7.85	8.70	7.85	7.07	6.37	5.74	5.18	
4.69	5.17	5.74	6.37	7.07	7.76	7.07	6.37	5.74	5.17	4.69	
4.24	4.66	5.17	5.74	6.37	6.92	6.37	5.74	5.17	4.66	4.24	
3.84	4.24	4.69	5.18	5.73	6.19	5.73	5.18	4.69	4.24	3.84	

policy-stable: false

Round 8:
1.1948074529755104E-8
Number of iterations: 1

3.84	4.24	4.69	5.18	5.73	6.19	5.73	5.18	4.69	4.24	3.84	
4.24	4.66	5.17	5.74	6.37	6.92	6.37	5.74	5.17	4.66	4.24	
4.69	5.17	5.74	6.37	7.07	7.76	7.07	6.37	5.74	5.17	4.69	
5.18	5.74	6.37	7.07	7.85	8.70	7.85	7.07	6.37	5.74	5.18	
5.73	6.37	7.07	7.85	8.70	9.76	8.70	7.85	7.07	6.37	5.73	
6.19	6.92	7.76	8.70	9.76	0.00	9.76	8.70	7.76	6.92	6.19	
5.73	6.37	7.07	7.85	8.70	9.76	8.70	7.85	7.07	6.37	5.73	
5.18	5.74	6.37	7.07	7.85	8.70	7.85	7.07	6.37	5.74	5.18	
4.69	5.17	5.74	6.37	7.07	7.76	7.07	6.37	5.74	5.17	4.69	
4.24	4.66	5.17	5.74	6.37	6.92	6.37	5.74	5.17	4.66	4.24	
3.84	4.24	4.69	5.18	5.73	6.19	5.73	5.18	4.69	4.24	3.84	

