0 Prey(5,5) Predator(0,0)
Round 1:
8.800012983325631
3.3329244791666675
1.3402062941261577
0.5461664872619891
0.21982685804786045
0.017080569390171385
0.006931544647999388
0.0028076905742088765
0.0011379431846195165
4.6168875001753595E-4
1.8758734331103533E-4
7.63252116876556E-5
3.109965183101249E-5
1.268995035777487E-5
5.185252908934679E-6
2.121628502715911E-6
8.692408684507491E-7
Number of iterations: 17

0.00	0.00	0.00	0.00	0.00	0.00	0.00	0.00	0.00	0.00	0.00	
0.00	0.00	0.00	0.00	0.00	0.00	0.00	0.00	0.00	0.00	0.00	
0.00	0.00	0.00	0.00	0.00	0.00	0.00	0.01	0.00	0.00	0.00	
0.00	0.00	0.00	0.00	0.01	0.00	0.00	0.02	0.00	0.01	0.00	
0.00	0.00	0.00	0.02	3.74	0.26	0.00	0.01	0.01	0.01	0.00	
0.00	0.00	0.01	0.01	8.02	0.00	8.04	0.02	0.01	0.01	0.00	
0.00	0.00	0.01	0.00	3.74	8.03	0.04	0.04	0.00	0.01	0.00	
0.00	0.00	0.00	0.00	0.00	0.00	0.05	0.05	0.00	0.00	0.00	
0.00	0.00	0.00	0.00	0.00	0.02	0.01	0.04	0.02	0.00	0.00	
0.00	0.00	0.00	0.00	0.00	0.00	0.00	0.02	0.01	0.00	0.00	
0.00	0.00	0.00	0.00	0.00	0.00	0.00	0.00	0.00	0.00	0.00	

policy-stable: false

Round 2:
8.885731756048695
3.870939873430095
1.6797211281991717
0.7464763687085465
0.3234439845968916
0.13481626872065378
0.058310490132470694
0.025679310038937843
0.010816149417614294
0.0047505703699668445
0.0020878253051417467
9.508810442276985E-4
2.1914813512493702E-4
6.637403638765776E-5
1.5894758022508282E-5
6.570507611148441E-6
2.7170648470471737E-6
1.123977053263392E-6
4.651094244675913E-7
Number of iterations: 19

0.01	0.04	0.08	0.16	0.15	0.20	0.07	0.14	0.03	0.02	0.01	
0.01	0.08	0.16	0.32	0.25	0.29	0.07	0.28	0.03	0.03	0.02	
0.02	0.16	0.32	0.62	0.29	0.29	0.29	0.57	0.28	0.08	0.01	
0.02	0.32	0.62	1.20	2.31	4.38	2.31	1.20	0.57	0.13	0.08	
0.08	0.55	1.05	2.31	4.38	8.89	4.38	2.31	0.32	0.22	0.13	
0.13	1.05	2.14	4.38	8.89	0.00	8.89	4.38	0.32	0.32	0.22	
0.08	0.56	1.05	2.31	4.38	8.89	4.38	2.31	1.20	0.57	0.13	
0.15	0.30	0.56	1.20	2.31	4.38	0.31	0.31	0.21	0.28	0.08	
0.07	0.15	0.09	0.09	1.03	2.14	0.31	0.21	0.13	0.08	0.05	
0.04	0.08	0.04	0.04	0.04	1.03	0.08	0.13	0.08	0.04	0.03	
0.02	0.02	0.04	0.04	0.04	0.45	0.07	0.08	0.04	0.03	0.01	

policy-stable: false

Round 3:
3.6180853159325936
1.3135164597336582
0.5282124660915435
0.21945057032569548
0.05794662032513653
0.024154569318146205
0.010138829517185824
0.003924859113050048
7.481665317447296E-4
1.6514888818505713E-4
1.7625259007929966E-5
4.617836069215758E-6
4.3223961112767717E-7
Number of iterations: 13

0.03	0.05	0.09	0.17	0.32	0.26	0.15	0.17	0.09	0.05	0.02	
0.05	0.09	0.17	0.33	0.62	1.05	0.52	0.33	0.17	0.09	0.05	
0.09	0.17	0.33	0.63	1.20	2.15	1.21	0.63	0.33	0.17	0.09	
0.17	0.33	0.63	1.20	2.31	4.38	2.31	1.21	0.63	0.33	0.17	
0.32	0.62	1.20	2.31	4.38	8.89	4.38	2.31	1.21	0.62	0.32	
0.52	1.05	2.15	4.38	8.89	0.00	8.89	4.38	2.15	1.05	0.52	
0.32	0.62	1.21	2.31	4.38	8.89	4.38	2.31	1.21	0.62	0.32	
0.17	0.33	0.63	1.21	2.31	4.38	2.31	1.21	0.62	0.32	0.17	
0.09	0.17	0.33	0.63	1.21	2.15	1.05	0.62	0.32	0.17	0.09	
0.05	0.09	0.17	0.33	0.62	1.05	0.52	0.32	0.17	0.09	0.05	
0.03	0.05	0.05	0.09	0.26	0.52	0.26	0.17	0.09	0.05	0.03	

policy-stable: false

Round 4:
0.735876292377546
0.3102172077726101
0.03244833743741665
0.011350230942003103
0.004726928994323282
0.0020032329122035147
8.475897665163601E-4
3.595816482234934E-4
4.280179522262936E-5
6.702797236322888E-6
1.0623397842662863E-7
Number of iterations: 11

0.03	0.05	0.09	0.17	0.32	0.52	0.32	0.17	0.09	0.05	0.03	
0.05	0.09	0.17	0.33	0.62	1.05	0.62	0.33	0.17	0.09	0.05	
0.09	0.17	0.33	0.63	1.21	2.15	1.21	0.63	0.33	0.17	0.09	
0.17	0.33	0.63	1.21	2.31	4.38	2.31	1.21	0.63	0.33	0.17	
0.32	0.62	1.21	2.31	4.38	8.89	4.38	2.31	1.21	0.62	0.32	
0.52	1.05	2.15	4.38	8.89	0.00	8.89	4.38	2.15	1.05	0.52	
0.32	0.62	1.21	2.31	4.38	8.89	4.38	2.31	1.21	0.62	0.32	
0.17	0.33	0.63	1.21	2.31	4.38	2.31	1.21	0.62	0.33	0.17	
0.09	0.17	0.33	0.63	1.21	2.15	1.21	0.63	0.33	0.17	0.09	
0.05	0.09	0.17	0.33	0.62	1.05	0.62	0.33	0.17	0.09	0.05	
0.03	0.05	0.09	0.17	0.32	0.52	0.32	0.17	0.09	0.05	0.03	

policy-stable: false

Round 5:
0.26281370802956944
0.006567205953535105
6.998209410495337E-4
2.8428093937235555E-4
1.1507026983435115E-4
8.606471593800014E-6
3.5451755666139617E-6
3.528555641632569E-7
Number of iterations: 8

0.03	0.05	0.09	0.17	0.32	0.52	0.32	0.17	0.09	0.05	0.03	
0.05	0.09	0.17	0.33	0.62	1.05	0.62	0.33	0.17	0.09	0.05	
0.09	0.17	0.33	0.63	1.21	2.15	1.21	0.63	0.33	0.17	0.09	
0.17	0.33	0.63	1.21	2.31	4.38	2.31	1.21	0.63	0.33	0.17	
0.32	0.62	1.21	2.31	4.38	8.89	4.38	2.31	1.21	0.62	0.32	
0.52	1.05	2.15	4.38	8.89	0.00	8.89	4.38	2.15	1.05	0.52	
0.32	0.62	1.21	2.31	4.38	8.89	4.38	2.31	1.21	0.62	0.32	
0.17	0.33	0.63	1.21	2.31	4.38	2.31	1.21	0.63	0.33	0.17	
0.09	0.17	0.33	0.63	1.21	2.15	1.21	0.63	0.33	0.17	0.09	
0.05	0.09	0.17	0.33	0.62	1.05	0.62	0.33	0.17	0.09	0.05	
0.03	0.05	0.09	0.17	0.32	0.52	0.32	0.17	0.09	0.05	0.03	

policy-stable: false

Round 6:
0.0018589260460718515
7.435704184431818E-4
3.717852092208901E-5
1.3941945353757035E-6
4.647315134109764E-8
Number of iterations: 5

0.03	0.05	0.09	0.17	0.32	0.52	0.32	0.17	0.09	0.05	0.03	
0.05	0.09	0.17	0.33	0.62	1.05	0.62	0.33	0.17	0.09	0.05	
0.09	0.17	0.33	0.63	1.21	2.15	1.21	0.63	0.33	0.17	0.09	
0.17	0.33	0.63	1.21	2.31	4.38	2.31	1.21	0.63	0.33	0.17	
0.32	0.62	1.21	2.31	4.38	8.89	4.38	2.31	1.21	0.62	0.32	
0.52	1.05	2.15	4.38	8.89	0.00	8.89	4.38	2.15	1.05	0.52	
0.32	0.62	1.21	2.31	4.38	8.89	4.38	2.31	1.21	0.62	0.32	
0.17	0.33	0.63	1.21	2.31	4.38	2.31	1.21	0.63	0.33	0.17	
0.09	0.17	0.33	0.63	1.21	2.15	1.21	0.63	0.33	0.17	0.09	
0.05	0.09	0.17	0.33	0.62	1.05	0.62	0.33	0.17	0.09	0.05	
0.03	0.05	0.09	0.17	0.32	0.52	0.32	0.17	0.09	0.05	0.03	

policy-stable: false

Round 7:
9.421511893564771E-9
Number of iterations: 1

0.03	0.05	0.09	0.17	0.32	0.52	0.32	0.17	0.09	0.05	0.03	
0.05	0.09	0.17	0.33	0.62	1.05	0.62	0.33	0.17	0.09	0.05	
0.09	0.17	0.33	0.63	1.21	2.15	1.21	0.63	0.33	0.17	0.09	
0.17	0.33	0.63	1.21	2.31	4.38	2.31	1.21	0.63	0.33	0.17	
0.32	0.62	1.21	2.31	4.38	8.89	4.38	2.31	1.21	0.62	0.32	
0.52	1.05	2.15	4.38	8.89	0.00	8.89	4.38	2.15	1.05	0.52	
0.32	0.62	1.21	2.31	4.38	8.89	4.38	2.31	1.21	0.62	0.32	
0.17	0.33	0.63	1.21	2.31	4.38	2.31	1.21	0.63	0.33	0.17	
0.09	0.17	0.33	0.63	1.21	2.15	1.21	0.63	0.33	0.17	0.09	
0.05	0.09	0.17	0.33	0.62	1.05	0.62	0.33	0.17	0.09	0.05	
0.03	0.05	0.09	0.17	0.32	0.52	0.32	0.17	0.09	0.05	0.03	

