0 Prey(5,5) Predator(0,0)
Round 1:
8.107046335069436
0.6568399805769873
0.052550105751543535
0.004179974864661469
3.346576828798707E-4
2.7119011587367224E-5
2.499506546183028E-7
Number of iterations: 7

0.00	0.00	0.00	0.00	0.00	0.00	0.00	0.00	0.00	0.00	0.00	
0.00	0.00	0.00	0.00	0.00	0.00	0.00	0.00	0.00	0.00	0.00	
0.00	0.00	0.00	0.00	0.00	0.00	0.00	0.00	0.00	0.00	0.00	
0.00	0.00	0.00	0.00	0.00	0.00	0.00	0.00	0.00	0.00	0.00	
0.00	0.00	0.00	0.00	1.15	8.00	0.50	0.00	0.00	0.00	0.00	
0.00	0.00	0.00	0.01	8.00	0.00	0.00	0.00	0.00	0.00	0.00	
0.00	0.00	0.01	0.00	1.15	0.09	0.00	0.00	0.00	0.00	0.00	
0.00	0.00	0.00	0.00	0.00	0.00	0.00	0.00	0.00	0.00	0.00	
0.00	0.00	0.00	0.00	0.00	0.00	0.00	0.00	0.00	0.00	0.00	
0.00	0.00	0.00	0.00	0.00	0.00	0.00	0.00	0.00	0.00	0.00	
0.00	0.00	0.00	0.00	0.00	0.00	0.00	0.00	0.00	0.00	0.00	

policy-stable: false

Round 2:
8.163247575844256
0.6704373962966895
0.05605916697141801
0.004856028817576626
4.2007356053094195E-4
3.623418095252066E-5
3.300544770896212E-6
3.0261694193910947E-7
Number of iterations: 8

0.00	0.00	0.00	0.00	0.00	0.00	0.00	0.00	0.00	0.00	0.00	
0.00	0.00	0.00	0.00	0.00	0.01	0.00	0.00	0.00	0.00	0.00	
0.00	0.00	0.00	0.00	0.03	0.00	0.00	0.00	0.00	0.00	0.00	
0.00	0.00	0.00	0.03	0.18	1.17	0.18	0.03	0.00	0.00	0.00	
0.00	0.00	0.02	0.18	1.17	8.16	1.17	0.18	0.03	0.00	0.00	
0.00	0.02	0.14	1.17	8.16	0.00	8.16	1.17	0.14	0.02	0.00	
0.00	0.00	0.03	0.18	1.17	8.16	1.17	0.18	0.02	0.00	0.00	
0.00	0.00	0.00	0.03	0.18	1.17	0.14	0.02	0.00	0.00	0.00	
0.00	0.00	0.00	0.00	0.03	0.01	0.01	0.00	0.00	0.00	0.00	
0.00	0.00	0.00	0.00	0.00	0.01	0.00	0.00	0.00	0.00	0.00	
0.00	0.00	0.00	0.00	0.00	0.00	0.00	0.00	0.00	0.00	0.00	

policy-stable: false

Round 3:
0.17695556925129602
0.014172783527694964
0.0011630800741659771
9.746956575611821E-5
8.26189229645826E-6
7.094458042509666E-7
Number of iterations: 6

0.00	0.00	0.00	0.00	0.00	0.00	0.00	0.00	0.00	0.00	0.00	
0.00	0.00	0.00	0.00	0.00	0.02	0.00	0.00	0.00	0.00	0.00	
0.00	0.00	0.00	0.00	0.03	0.14	0.03	0.00	0.00	0.00	0.00	
0.00	0.00	0.00	0.03	0.18	1.17	0.18	0.03	0.00	0.00	0.00	
0.00	0.00	0.03	0.18	1.17	8.16	1.17	0.18	0.03	0.00	0.00	
0.00	0.02	0.14	1.17	8.16	0.00	8.16	1.17	0.14	0.02	0.00	
0.00	0.00	0.03	0.18	1.17	8.16	1.17	0.18	0.03	0.00	0.00	
0.00	0.00	0.00	0.03	0.18	1.17	0.18	0.03	0.00	0.00	0.00	
0.00	0.00	0.00	0.00	0.03	0.14	0.03	0.00	0.00	0.00	0.00	
0.00	0.00	0.00	0.00	0.00	0.02	0.00	0.00	0.00	0.00	0.00	
0.00	0.00	0.00	0.00	0.00	0.00	0.00	0.00	0.00	0.00	0.00	

policy-stable: false

Round 4:
0.009022988140256667
7.308230516096053E-4
6.00872665402145E-5
4.819498041557562E-6
1.0354650625435497E-7
Number of iterations: 5

0.00	0.00	0.00	0.00	0.00	0.00	0.00	0.00	0.00	0.00	0.00	
0.00	0.00	0.00	0.00	0.00	0.02	0.00	0.00	0.00	0.00	0.00	
0.00	0.00	0.00	0.00	0.03	0.14	0.03	0.00	0.00	0.00	0.00	
0.00	0.00	0.00	0.03	0.18	1.17	0.18	0.03	0.00	0.00	0.00	
0.00	0.00	0.03	0.18	1.17	8.16	1.17	0.18	0.03	0.00	0.00	
0.00	0.02	0.14	1.17	8.16	0.00	8.16	1.17	0.14	0.02	0.00	
0.00	0.00	0.03	0.18	1.17	8.16	1.17	0.18	0.03	0.00	0.00	
0.00	0.00	0.00	0.03	0.18	1.17	0.18	0.03	0.00	0.00	0.00	
0.00	0.00	0.00	0.00	0.03	0.14	0.03	0.00	0.00	0.00	0.00	
0.00	0.00	0.00	0.00	0.00	0.02	0.00	0.00	0.00	0.00	0.00	
0.00	0.00	0.00	0.00	0.00	0.00	0.00	0.00	0.00	0.00	0.00	

policy-stable: false

Round 5:
6.132935737301459E-5
4.970047196098051E-6
4.0067037198243415E-7
Number of iterations: 3

0.00	0.00	0.00	0.00	0.00	0.00	0.00	0.00	0.00	0.00	0.00	
0.00	0.00	0.00	0.00	0.00	0.02	0.00	0.00	0.00	0.00	0.00	
0.00	0.00	0.00	0.00	0.03	0.14	0.03	0.00	0.00	0.00	0.00	
0.00	0.00	0.00	0.03	0.18	1.17	0.18	0.03	0.00	0.00	0.00	
0.00	0.00	0.03	0.18	1.17	8.16	1.17	0.18	0.03	0.00	0.00	
0.00	0.02	0.14	1.17	8.16	0.00	8.16	1.17	0.14	0.02	0.00	
0.00	0.00	0.03	0.18	1.17	8.16	1.17	0.18	0.03	0.00	0.00	
0.00	0.00	0.00	0.03	0.18	1.17	0.18	0.03	0.00	0.00	0.00	
0.00	0.00	0.00	0.00	0.03	0.14	0.03	0.00	0.00	0.00	0.00	
0.00	0.00	0.00	0.00	0.00	0.02	0.00	0.00	0.00	0.00	0.00	
0.00	0.00	0.00	0.00	0.00	0.00	0.00	0.00	0.00	0.00	0.00	

policy-stable: false

Round 6:
4.930723973907542E-8
Number of iterations: 1

0.00	0.00	0.00	0.00	0.00	0.00	0.00	0.00	0.00	0.00	0.00	
0.00	0.00	0.00	0.00	0.00	0.02	0.00	0.00	0.00	0.00	0.00	
0.00	0.00	0.00	0.00	0.03	0.14	0.03	0.00	0.00	0.00	0.00	
0.00	0.00	0.00	0.03	0.18	1.17	0.18	0.03	0.00	0.00	0.00	
0.00	0.00	0.03	0.18	1.17	8.16	1.17	0.18	0.03	0.00	0.00	
0.00	0.02	0.14	1.17	8.16	0.00	8.16	1.17	0.14	0.02	0.00	
0.00	0.00	0.03	0.18	1.17	8.16	1.17	0.18	0.03	0.00	0.00	
0.00	0.00	0.00	0.03	0.18	1.17	0.18	0.03	0.00	0.00	0.00	
0.00	0.00	0.00	0.00	0.03	0.14	0.03	0.00	0.00	0.00	0.00	
0.00	0.00	0.00	0.00	0.00	0.02	0.00	0.00	0.00	0.00	0.00	
0.00	0.00	0.00	0.00	0.00	0.00	0.00	0.00	0.00	0.00	0.00	

