0 Prey(5,5) Predator(0,0)
Round 1:
8.799831385857077
5.118837655812668
2.65599333849825
1.4353143483793271
0.8055393612881872
0.4514445192312949
0.25407257939264527
0.14291504701298208
0.08027343027577048
0.0073698612912505256
0.004161203803349493
0.0022426432976445643
0.0013198421085351963
7.792801815038608E-4
4.615180592379975E-4
2.745457912070315E-4
1.694755670922643E-4
1.042839951592156E-4
6.400126818803531E-5
3.9194189276114955E-5
2.3960029109315606E-5
1.4626178976129278E-5
8.918205846558669E-6
5.432952654510492E-6
3.3075116156466855E-6
2.0126015033983258E-6
1.2242767241932295E-6
7.446173095893016E-7
Number of iterations: 28

0.00	0.00	0.00	0.00	0.00	0.00	0.00	0.00	0.00	0.00	0.00	
0.00	0.00	0.00	0.00	0.00	0.00	0.01	0.01	0.00	0.00	0.00	
0.00	0.00	0.00	0.02	0.01	0.01	0.01	0.01	0.00	0.00	0.00	
0.00	0.00	0.00	0.02	0.06	0.01	0.01	0.01	0.00	0.00	0.00	
0.00	0.00	0.00	0.43	0.75	0.43	0.01	0.00	0.00	0.00	0.00	
0.00	0.01	0.01	0.28	0.09	0.00	8.05	1.65	0.00	0.00	0.00	
0.00	0.00	0.01	0.13	0.68	0.41	5.09	2.91	0.00	0.00	0.00	
0.00	0.00	0.00	0.00	0.68	0.77	0.05	0.08	0.05	0.00	0.00	
0.00	0.00	0.00	0.00	0.57	0.05	0.08	0.00	0.00	0.00	0.00	
0.00	0.00	0.00	0.00	0.00	0.00	0.00	0.00	0.00	0.00	0.00	
0.00	0.00	0.00	0.00	0.00	0.00	0.00	0.00	0.00	0.00	0.00	

policy-stable: false

Round 2:
9.28993377941629
5.839310382256252
3.6211210240146254
2.335384484409532
1.4342247565368453
0.7928573864938834
0.486612179967083
0.30162882011337655
0.19386819020125684
0.0986425930741584
0.0580324671496075
0.03161853584800686
0.009616207422773443
0.004045395528352369
0.002371347754115849
0.0014257245678444552
8.583557171474299E-4
5.162249970039334E-4
3.1014757592112696E-4
1.8615265609739362E-4
1.1162326328861827E-4
6.687104897201701E-5
4.0025157388767774E-5
2.3936086736175977E-5
1.449187719171352E-5
9.164306513320675E-6
5.7862682881215655E-6
3.648252034582633E-6
2.297282587493399E-6
1.4448976336789432E-6
9.078145859209297E-7
Number of iterations: 31

0.16	0.34	0.48	0.73	1.05	1.94	1.39	0.90	0.61	0.22	0.23	
0.39	0.69	1.01	1.47	2.25	2.99	2.15	1.36	0.90	0.26	0.22	
0.61	1.01	1.47	2.16	3.21	4.36	3.21	2.06	1.36	0.32	0.26	
0.88	1.48	2.16	3.21	4.54	6.38	4.53	3.21	2.06	0.32	0.32	
1.35	1.91	3.21	4.54	6.38	9.30	6.38	4.37	2.94	2.00	1.38	
1.91	2.85	4.28	6.38	9.30	0.00	9.30	6.38	4.37	2.94	0.94	
1.47	2.13	3.09	4.43	6.38	9.30	6.38	4.44	3.10	2.09	1.43	
1.01	1.47	2.16	3.09	4.43	6.38	4.44	3.10	2.17	1.48	1.01	
0.70	1.07	1.51	2.16	3.09	4.25	3.10	2.20	1.48	1.01	0.72	
0.34	0.75	1.07	1.51	2.16	2.86	2.20	1.48	1.01	0.72	0.50	
0.23	0.48	0.73	1.05	1.51	1.05	1.56	1.01	0.70	0.23	0.34	

policy-stable: false

Round 3:
5.1934422595233585
3.093406986666965
1.889367581254845
1.1624770229071277
0.5451769392226667
0.23918372889306716
0.14338323786165974
0.08269198405317302
0.022914227211327687
0.013924948641512558
9.637935347920901E-4
2.091197554594526E-4
6.001426523338793E-5
1.302841485700812E-5
2.240502435024716E-6
1.476384485776805E-7
Number of iterations: 16

0.41	0.57	0.80	1.14	1.60	2.06	1.60	1.14	0.82	0.59	0.30	
0.57	0.80	1.14	1.60	2.27	3.00	2.27	1.60	1.14	0.80	0.41	
0.80	1.14	1.60	2.27	3.21	4.37	3.21	2.27	1.61	1.14	0.57	
1.13	1.60	2.27	3.21	4.54	6.38	4.54	3.21	2.28	1.60	1.13	
1.60	2.27	3.21	4.54	6.38	9.30	6.38	4.54	3.21	2.27	1.60	
2.04	3.00	4.37	6.38	9.30	0.00	9.30	6.38	4.37	3.00	2.06	
1.58	2.27	3.21	4.54	6.38	9.30	6.38	4.54	3.21	2.26	1.59	
1.13	1.61	2.28	3.21	4.54	6.38	4.54	3.21	2.27	1.61	1.14	
0.81	1.14	1.61	2.28	3.21	4.37	3.21	2.27	1.61	1.14	0.81	
0.57	0.81	1.14	1.61	2.27	2.95	2.27	1.60	1.14	0.81	0.57	
0.41	0.57	0.81	1.14	1.60	2.00	1.60	1.13	0.79	0.57	0.41	

policy-stable: false

Round 4:
2.0974541425179893
1.1913541844431537
0.1740251246786313
0.053562863791770665
0.022289772063313174
0.011045318958919137
0.006631089663974299
0.003976322105922525
6.305461959408842E-4
1.7068606561887467E-4
3.519289680903315E-5
5.94102271356256E-6
3.193549312219268E-7
Number of iterations: 13

0.42	0.59	0.82	1.14	1.60	2.06	1.60	1.14	0.82	0.59	0.42	
0.59	0.81	1.14	1.61	2.27	3.00	2.27	1.61	1.14	0.81	0.57	
0.82	1.14	1.61	2.28	3.21	4.37	3.21	2.28	1.61	1.14	0.82	
1.14	1.60	2.28	3.21	4.54	6.38	4.54	3.21	2.28	1.61	1.14	
1.60	2.27	3.21	4.54	6.38	9.30	6.38	4.54	3.21	2.27	1.60	
2.06	3.00	4.37	6.38	9.30	0.00	9.30	6.38	4.37	3.00	2.06	
1.60	2.27	3.21	4.54	6.38	9.30	6.38	4.54	3.21	2.27	1.60	
1.14	1.61	2.28	3.21	4.54	6.38	4.54	3.21	2.28	1.61	1.14	
0.82	1.14	1.61	2.28	3.21	4.37	3.21	2.28	1.61	1.14	0.82	
0.59	0.81	1.14	1.61	2.27	3.00	2.27	1.61	1.14	0.81	0.59	
0.42	0.58	0.81	1.14	1.60	2.06	1.60	1.14	0.81	0.57	0.41	

policy-stable: false

Round 5:
0.6459600858618464
0.022608603005164873
0.0064991155361124875
0.0022444672941442367
8.17635336909539E-4
1.5977541028372455E-4
2.990008098863184E-5
3.6204202156220333E-6
3.852507053925258E-7
Number of iterations: 9

0.42	0.59	0.82	1.14	1.60	2.06	1.60	1.14	0.82	0.59	0.42	
0.59	0.81	1.14	1.61	2.27	3.00	2.27	1.61	1.14	0.81	0.59	
0.82	1.14	1.61	2.28	3.21	4.37	3.21	2.28	1.61	1.14	0.82	
1.14	1.61	2.28	3.21	4.54	6.38	4.54	3.21	2.28	1.61	1.14	
1.60	2.27	3.21	4.54	6.38	9.30	6.38	4.54	3.21	2.27	1.60	
2.06	3.00	4.37	6.38	9.30	0.00	9.30	6.38	4.37	3.00	2.06	
1.60	2.27	3.21	4.54	6.38	9.30	6.38	4.54	3.21	2.27	1.60	
1.14	1.61	2.28	3.21	4.54	6.38	4.54	3.21	2.28	1.61	1.14	
0.82	1.14	1.61	2.28	3.21	4.37	3.21	2.28	1.61	1.14	0.82	
0.59	0.81	1.14	1.61	2.27	3.00	2.27	1.61	1.14	0.81	0.59	
0.42	0.59	0.82	1.14	1.60	2.06	1.60	1.14	0.82	0.59	0.42	

policy-stable: false

Round 6:
0.015196419218675095
0.007950760975880322
0.003638140462964401
4.6754949247751476E-4
7.988381022955293E-5
6.885289552172047E-6
3.9753181896307055E-7
Number of iterations: 7

0.42	0.59	0.82	1.14	1.60	2.06	1.60	1.14	0.82	0.59	0.42	
0.59	0.81	1.14	1.61	2.27	3.00	2.27	1.61	1.14	0.81	0.59	
0.82	1.14	1.61	2.28	3.21	4.37	3.21	2.28	1.61	1.14	0.82	
1.14	1.61	2.28	3.21	4.54	6.38	4.54	3.21	2.28	1.61	1.14	
1.60	2.27	3.21	4.54	6.38	9.30	6.38	4.54	3.21	2.27	1.60	
2.06	3.00	4.37	6.38	9.30	0.00	9.30	6.38	4.37	3.00	2.06	
1.60	2.27	3.21	4.54	6.38	9.30	6.38	4.54	3.21	2.27	1.60	
1.14	1.61	2.28	3.21	4.54	6.38	4.54	3.21	2.28	1.61	1.14	
0.82	1.14	1.61	2.28	3.21	4.37	3.21	2.28	1.61	1.14	0.82	
0.59	0.81	1.14	1.61	2.27	3.00	2.27	1.61	1.14	0.81	0.59	
0.42	0.59	0.82	1.14	1.60	2.06	1.60	1.14	0.82	0.59	0.42	

policy-stable: false

Round 7:
2.440078777921073E-8
Number of iterations: 1

0.42	0.59	0.82	1.14	1.60	2.06	1.60	1.14	0.82	0.59	0.42	
0.59	0.81	1.14	1.61	2.27	3.00	2.27	1.61	1.14	0.81	0.59	
0.82	1.14	1.61	2.28	3.21	4.37	3.21	2.28	1.61	1.14	0.82	
1.14	1.61	2.28	3.21	4.54	6.38	4.54	3.21	2.28	1.61	1.14	
1.60	2.27	3.21	4.54	6.38	9.30	6.38	4.54	3.21	2.27	1.60	
2.06	3.00	4.37	6.38	9.30	0.00	9.30	6.38	4.37	3.00	2.06	
1.60	2.27	3.21	4.54	6.38	9.30	6.38	4.54	3.21	2.27	1.60	
1.14	1.61	2.28	3.21	4.54	6.38	4.54	3.21	2.28	1.61	1.14	
0.82	1.14	1.61	2.28	3.21	4.37	3.21	2.28	1.61	1.14	0.82	
0.59	0.81	1.14	1.61	2.27	3.00	2.27	1.61	1.14	0.81	0.59	
0.42	0.59	0.82	1.14	1.60	2.06	1.60	1.14	0.82	0.59	0.42	

