0 Prey(5,5) Predator(0,0)
9.29280304228872
5.864721571052816
3.6002132360957937
1.9367149739952594
1.1926804291408493
0.742146212996798
0.44863783426842074
0.27914119948632427
0.11926139883047471
0.06143674179768044
0.03858243499543068
0.013332548786134546
0.003257973538245529
6.465868942766018E-4
1.1139111520014344E-4
1.7141297706968484E-5
2.317316502964406E-6
2.7463423318829783E-7
Number of iterations: 18

0.42	0.59	0.82	1.14	1.60	2.06	1.60	1.14	0.82	0.59	0.42	
0.59	0.81	1.14	1.61	2.27	3.00	2.27	1.61	1.14	0.81	0.59	
0.82	1.14	1.61	2.28	3.21	4.37	3.21	2.28	1.61	1.14	0.82	
1.14	1.61	2.28	3.21	4.54	6.38	4.54	3.21	2.28	1.61	1.14	
1.60	2.27	3.21	4.54	6.38	9.30	6.38	4.54	3.21	2.27	1.60	
2.06	3.00	4.37	6.38	9.30	0.00	9.30	6.38	4.37	3.00	2.06	
1.60	2.27	3.21	4.54	6.38	9.30	6.38	4.54	3.21	2.27	1.60	
1.14	1.61	2.28	3.21	4.54	6.38	4.54	3.21	2.28	1.61	1.14	
0.82	1.14	1.61	2.28	3.21	4.37	3.21	2.28	1.61	1.14	0.82	
0.59	0.81	1.14	1.61	2.27	3.00	2.27	1.61	1.14	0.81	0.59	
0.42	0.59	0.82	1.14	1.60	2.06	1.60	1.14	0.82	0.59	0.42	

