0 Prey(5,5) Predator(0,0)
9.734145438081303
8.156062932147645
6.025169129855052
2.670271914792823
1.628559034156675
1.1945280174396604
0.9000149104088377
0.7386471299714246
0.5267984298403556
0.2492129182933942
0.20334210609382808
0.12539897093534158
0.05140258901435102
0.014836371193085007
0.0034824436963103444
7.149970684512397E-4
1.280285576887863E-4
1.9982948260999223E-5
2.7340574133560835E-6
3.257932825739829E-7
Number of iterations: 20

3.84	4.24	4.69	5.18	5.73	6.19	5.73	5.18	4.69	4.24	3.84	
4.24	4.66	5.17	5.74	6.37	6.92	6.37	5.74	5.17	4.66	4.24	
4.69	5.17	5.74	6.37	7.07	7.76	7.07	6.37	5.74	5.17	4.69	
5.18	5.74	6.37	7.07	7.85	8.70	7.85	7.07	6.37	5.74	5.18	
5.73	6.37	7.07	7.85	8.70	9.76	8.70	7.85	7.07	6.37	5.73	
6.19	6.92	7.76	8.70	9.76	0.00	9.76	8.70	7.76	6.92	6.19	
5.73	6.37	7.07	7.85	8.70	9.76	8.70	7.85	7.07	6.37	5.73	
5.18	5.74	6.37	7.07	7.85	8.70	7.85	7.07	6.37	5.74	5.18	
4.69	5.17	5.74	6.37	7.07	7.76	7.07	6.37	5.74	5.17	4.69	
4.24	4.66	5.17	5.74	6.37	6.92	6.37	5.74	5.17	4.66	4.24	
3.84	4.24	4.69	5.18	5.73	6.19	5.73	5.18	4.69	4.24	3.84	

